1:"$Sreact.fragment"
2:I[75696,["/_next/static/chunks/1cf8rs_zblp1d.js","/_next/static/chunks/00ytuamac6zr5.js","/_next/static/chunks/2py5-blz065wu.js","/_next/static/chunks/0jutz-jmfv5vs.js","/_next/static/chunks/27923annbf1jg.js","/_next/static/chunks/3ycx-umoo73nx.js","/_next/static/chunks/0exfutgl6p1ip.js"],"default"]
3:I[35774,["/_next/static/chunks/1cf8rs_zblp1d.js","/_next/static/chunks/00ytuamac6zr5.js","/_next/static/chunks/2py5-blz065wu.js","/_next/static/chunks/0jutz-jmfv5vs.js","/_next/static/chunks/27923annbf1jg.js","/_next/static/chunks/3ycx-umoo73nx.js","/_next/static/chunks/0exfutgl6p1ip.js"],"LevelsMatrix"]
8:X
d:X
d:C
0:{"buildId":"1cmwQ0_8eh9lLTohI0pGy","data":[{"rsc":["$","$1","c",{"children":[["$","div",null,{"data-running":"Appendix E · Ordinary levels","className":"pb-24","children":[["$","header",null,{"className":"book-grid pt-12 pb-10 md:pt-20 md:pb-14","children":["$","div",null,{"className":"col-[lead-start/margin-end] grid grid-cols-subgrid","children":[["$","p",null,{"className":"col-[text] mb-3 text-[1rem] text-ink-2 italic md:text-[1.0625rem] xl:col-[text-start/margin-end] zh:not-italic","children":"Appendix E"}],["$","h1",null,{"data-pagefind-meta":"title","className":"col-[text] display text-[3rem] leading-[0.92] font-[380] tracking-[-0.03em] text-balance md:text-[4.75rem] xl:col-[text-start/margin-end] 3xl:text-[5.5rem] zh:font-song zh:text-[2.75rem] zh:leading-[1.15] zh:font-black zh:tracking-[0.03em] zh:md:text-[3.75rem]","children":"Ordinary levels"}],["$","p",null,{"className":"col-[text] mt-5 text-[1.1875rem] leading-snug text-balance text-ink-2 italic md:text-[1.3125rem] zh:not-italic","children":"The wave plan of every ordinary level from 1 to 149 as Chapter 1 builds it: the wave count, the flag spacing and each wave’s filler budget at the guide’s settings."}],"$undefined"]}]}],["$","div",null,{"className":"book-grid","children":["$","div",null,{"className":"col-wide xl:col-page","children":["$","$L2",null,{"formats":{"number":{"integer":{"maximumFractionDigits":0},"decimal":{"maximumFractionDigits":3},"percent":{"style":"percent","maximumFractionDigits":2}}},"locale":"en","messages":{"levels":{"title":"Ordinary levels","description":"The wave plan of every ordinary level from 1 to 149 as Chapter 1 builds it: the wave count, the flag spacing and each wave’s filler budget at the guide’s settings.","filter":"Levels","placeholder":"1–149, or 1, 36, 149","count":"{count, plural, one {# level} other {# levels}}","empty":"No ordinary level matches.","level":"Level","count_short":"N","spacing":"s","flag":"flag wave","final":"final wave","open":"Level {level} in Chapter 1","caption":"Filler budgets by wave number. Green, flag waves; underlined, the final wave of each level. Computed by the wave model with MinWaveCount 5, MaxWaveCount 15 and WaveAddInterval 10.","matrix":"Wave plans of the ordinary levels; scroll sideways to read every wave"}},"timeZone":"UTC","children":["$","$L3",null,{"plans":[[1,5,5,[100,135,170,205,600],[5]],[2,5,5,[100,140,180,220,650],[5]],[3,5,5,[100,145,190,235,700],[5]],[4,5,5,[100,150,200,250,750],[5]],[6,5,5,[100,160,220,280,850],[5]],[7,5,5,[100,165,230,295,900],[5]],[8,5,5,[100,170,240,310,950],[5]],[9,5,5,[100,175,250,325,1000],[5]],[11,6,6,[100,185,270,355,440,1312],[6]],[12,6,6,[100,190,280,370,460,1375],[6]],[13,6,6,[100,195,290,385,480,1437],[6]],[14,6,6,[100,200,300,400,500,1500],[6]],[16,6,6,[100,210,320,430,540,1625],[6]],[17,6,6,[100,215,330,445,560,1687],[6]],[18,6,6,[100,220,340,460,580,1750],[6]],[19,6,6,[100,225,350,475,600,1812],[6]],[21,7,4,[100,235,370,1262,640,775,2275],[4]],[22,7,4,[100,240,380,1300,660,800,2350],[4]],[23,7,4,[100,245,390,1337,680,825,2425],[4]],[24,7,4,[100,250,400,1375,700,850,2500],[4]],[26,7,4,[100,260,420,1450,740,900,2650],[4]],[27,7,4,[100,265,430,1487,760,925,2725],[4]],[28,7,4,[100,270,440,1525,780,950,2800],[4]],[29,7,4,[100,275,450,1562,800,975,2875],[4]],[31,8,4,[100,285,470,1637,840,1025,1210,3487],[4,8]],[32,8,4,[100,290,480,1675,860,1050,1240,3575],[4,8]],[33,8,4,[100,295,490,1712,880,1075,1270,3662],[4,8]],[34,8,4,[100,300,500,1750,900,1100,1300,3750],[4,8]],[36,8,4,[100,310,520,1825,940,1150,1360,3925],[4,8]],[37,8,4,[100,315,530,1862,960,1175,1390,4012],[4,8]],[38,8,4,[100,320,540,1900,980,1200,1420,4100],[4,8]],[39,8,4,[100,325,550,1937,1000,1225,1450,4187],[4,8]],[41,9,5,[100,335,570,805,2600,1275,1510,1745,4950],[5]],[42,9,5,[100,340,580,820,2650,1300,1540,1780,5050],[5]],[43,9,5,[100,345,590,835,2700,1325,1570,1815,5150],[5]],[44,9,5,[100,350,600,850,2750,1350,1600,1850,5250],[5]],[46,9,5,[100,360,620,880,2850,1400,1660,1920,5450],[5]],[47,9,5,[100,365,630,895,2900,1425,1690,1955,5550],[5]],[48,9,5,[100,370,640,910,2950,1450,1720,1990,5650],[5]],[49,9,5,[100,375,650,925,3000,1475,1750,2025,5750],[5]],[51,10,5,[100,385,670,955,3100,1525,1810,2095,2380,6662],[5,10]],[52,10,5,[100,390,680,970,3150,1550,1840,2130,2420,6775],[5,10]],[53,10,5,[100,395,690,985,3200,1575,1870,2165,2460,6887],[5,10]],[54,10,5,[100,400,700,1000,3250,1600,1900,2200,2500,7000],[5,10]],[56,10,5,[100,410,720,1030,3350,1650,1960,2270,2580,7225],[5,10]],[57,10,5,[100,415,730,1045,3400,1675,1990,2305,2620,7337],[5,10]],[58,10,5,[100,420,740,1060,3450,1700,2020,2340,2660,7450],[5,10]],[59,10,5,[100,425,750,1075,3500,1725,2050,2375,2700,7562],[5,10]],[61,11,6,[100,435,770,1105,1440,4437,2110,2445,2780,3115,8625],[6]],[62,11,6,[100,440,780,1120,1460,4500,2140,2480,2820,3160,8750],[6]],[63,11,6,[100,445,790,1135,1480,4562,2170,2515,2860,3205,8875],[6]],[64,11,6,[100,450,800,1150,1500,4625,2200,2550,2900,3250,9000],[6]],[66,11,6,[100,460,820,1180,1540,4750,2260,2620,2980,3340,9250],[6]],[67,11,6,[100,465,830,1195,1560,4812,2290,2655,3020,3385,9375],[6]],[68,11,6,[100,470,840,1210,1580,4875,2320,2690,3060,3430,9500],[6]],[69,11,6,[100,475,850,1225,1600,4937,2350,2725,3100,3475,9625],[6]],[71,12,4,[100,485,870,3137,1640,2025,2410,6987,3180,3565,3950,10837],[4,8,12]],[72,12,4,[100,490,880,3175,1660,2050,2440,7075,3220,3610,4000,10975],[4,8,12]],[73,12,4,[100,495,890,3212,1680,2075,2470,7162,3260,3655,4050,11112],[4,8,12]],[74,12,4,[100,500,900,3250,1700,2100,2500,7250,3300,3700,4100,11250],[4,8,12]],[76,12,4,[100,510,920,3325,1740,2150,2560,7425,3380,3790,4200,11525],[4,8,12]],[77,12,4,[100,515,930,3362,1760,2175,2590,7512,3420,3835,4250,11662],[4,8,12]],[78,12,4,[100,520,940,3400,1780,2200,2620,7600,3460,3880,4300,11800],[4,8,12]],[79,12,4,[100,525,950,3437,1800,2225,2650,7687,3500,3925,4350,11937],[4,8,12]],[81,13,5,[100,535,970,1405,4600,2275,2710,3145,3580,10037,4450,4885,13300],[5,10]],[82,13,5,[100,540,980,1420,4650,2300,2740,3180,3620,10150,4500,4940,13450],[5,10]],[83,13,5,[100,545,990,1435,4700,2325,2770,3215,3660,10262,4550,4995,13600],[5,10]],[84,13,5,[100,550,1000,1450,4750,2350,2800,3250,3700,10375,4600,5050,13750],[5,10]],[86,13,5,[100,560,1020,1480,4850,2400,2860,3320,3780,10600,4700,5160,14050],[5,10]],[87,13,5,[100,565,1030,1495,4900,2425,2890,3355,3820,10712,4750,5215,14200],[5,10]],[88,13,5,[100,570,1040,1510,4950,2450,2920,3390,3860,10825,4800,5270,14350],[5,10]],[89,13,5,[100,575,1050,1525,5000,2475,2950,3425,3900,10937,4850,5325,14500],[5,10]],[91,14,5,[100,585,1070,1555,5100,2525,3010,3495,3980,11162,4950,5435,5920,16012],[5,10]],[92,14,5,[100,590,1080,1570,5150,2550,3040,3530,4020,11275,5000,5490,5980,16175],[5,10]],[93,14,5,[100,595,1090,1585,5200,2575,3070,3565,4060,11387,5050,5545,6040,16337],[5,10]],[94,14,5,[100,600,1100,1600,5250,2600,3100,3600,4100,11500,5100,5600,6100,16500],[5,10]],[96,14,5,[100,610,1120,1630,5350,2650,3160,3670,4180,11725,5200,5710,6220,16825],[5,10]],[97,14,5,[100,615,1130,1645,5400,2675,3190,3705,4220,11837,5250,5765,6280,16987],[5,10]],[98,14,5,[100,620,1140,1660,5450,2700,3220,3740,4260,11950,5300,5820,6340,17150],[5,10]],[99,14,5,[100,625,1150,1675,5500,2725,3250,3775,4300,12062,5350,5875,6400,17312],[5,10]],[101,15,5,[100,635,1170,1705,5600,2775,3310,3845,4380,12287,5450,5985,6520,7055,18975],[5,10,15]],[102,15,5,[100,640,1180,1720,5650,2800,3340,3880,4420,12400,5500,6040,6580,7120,19150],[5,10,15]],[103,15,5,[100,645,1190,1735,5700,2825,3370,3915,4460,12512,5550,6095,6640,7185,19325],[5,10,15]],[104,15,5,[100,650,1200,1750,5750,2850,3400,3950,4500,12625,5600,6150,6700,7250,19500],[5,10,15]],[106,15,5,[100,660,1220,1780,5850,2900,3460,4020,4580,12850,5700,6260,6820,7380,19850],[5,10,15]],[107,15,5,[100,665,1230,1795,5900,2925,3490,4055,4620,12962,5750,6315,6880,7445,20025],[5,10,15]],[108,15,5,[100,670,1240,1810,5950,2950,3520,4090,4660,13075,5800,6370,6940,7510,20200],[5,10,15]],[109,15,5,[100,675,1250,1825,6000,2975,3550,4125,4700,13187,5850,6425,7000,7575,20375],[5,10,15]],[111,15,5,[100,685,1270,1855,6100,3025,3610,4195,4780,13412,5950,6535,7120,7705,20725],[5,10,15]],[112,15,5,[100,690,1280,1870,6150,3050,3640,4230,4820,13525,6000,6590,7180,7770,20900],[5,10,15]],[113,15,5,[100,695,1290,1885,6200,3075,3670,4265,4860,13637,6050,6645,7240,7835,21075],[5,10,15]],[114,15,5,[100,700,1300,1900,6250,3100,3700,4300,4900,13750,6100,6700,7300,7900,21250],[5,10,15]],[116,15,5,[100,710,1320,1930,6350,3150,3760,4370,4980,13975,6200,6810,7420,8030,21600],[5,10,15]],[117,15,5,[100,715,1330,1945,6400,3175,3790,4405,5020,14087,6250,6865,7480,8095,21775],[5,10,15]],[118,15,5,[100,720,1340,1960,6450,3200,3820,4440,5060,14200,6300,6920,7540,8160,21950],[5,10,15]],[119,15,5,[100,725,1350,1975,6500,3225,3850,4475,5100,14312,6350,6975,7600,8225,22125],[5,10,15]],[121,15,5,[100,735,1370,2005,6600,3275,3910,4545,5180,14537,6450,7085,7720,8355,22475],[5,10,15]],[122,15,5,[100,740,1380,2020,6650,3300,3940,4580,5220,14650,6500,7140,7780,8420,22650],[5,10,15]],[123,15,5,[100,745,1390,2035,6700,3325,3970,4615,5260,14762,6550,7195,7840,8485,22825],[5,10,15]],[124,15,5,[100,750,1400,2050,6750,3350,4000,4650,5300,14875,6600,7250,7900,8550,23000],[5,10,15]],[126,15,5,[100,760,1420,2080,6850,3400,4060,4720,5380,15100,6700,7360,8020,8680,23350],[5,10,15]],[127,15,5,[100,765,1430,2095,6900,3425,4090,4755,5420,15212,6750,7415,8080,8745,23525],[5,10,15]],[128,15,5,[100,770,1440,2110,6950,3450,4120,4790,5460,15325,6800,7470,8140,8810,23700],[5,10,15]],[129,15,5,[100,775,1450,2125,7000,3475,4150,4825,5500,15437,6850,7525,8200,8875,23875],[5,10,15]],[131,15,5,[100,785,1470,2155,7100,3525,4210,4895,5580,15662,6950,7635,8320,9005,24225],[5,10,15]],[132,15,5,[100,790,1480,2170,7150,3550,4240,4930,5620,15775,7000,7690,8380,9070,24400],[5,10,15]],[133,15,5,[100,795,1490,2185,7200,3575,4270,4965,5660,15887,7050,7745,8440,9135,24575],[5,10,15]],[134,15,5,[100,800,1500,2200,7250,3600,4300,5000,5700,16000,7100,7800,8500,9200,24750],[5,10,15]],[136,15,5,[100,810,1520,2230,7350,3650,4360,5070,5780,16225,7200,7910,8620,9330,25100],[5,10,15]],[137,15,5,[100,815,1530,2245,7400,3675,4390,5105,5820,16337,7250,7965,8680,9395,25275],[5,10,15]],[138,15,5,[100,820,1540,2260,7450,3700,4420,5140,5860,16450,7300,8020,8740,9460,25450],[5,10,15]],[139,15,5,[100,825,1550,2275,7500,3725,4450,5175,5900,16562,7350,8075,8800,9525,25625],[5,10,15]],[141,15,5,[100,835,1570,2305,7600,3775,4510,5245,5980,16787,7450,8185,8920,9655,25975],[5,10,15]],[142,15,5,[100,840,1580,2320,7650,3800,4540,5280,6020,16900,7500,8240,8980,9720,26150],[5,10,15]],[143,15,5,[100,845,1590,2335,7700,3825,4570,5315,6060,17012,7550,8295,9040,9785,26325],[5,10,15]],[144,15,5,[100,850,1600,2350,7750,3850,4600,5350,6100,17125,7600,8350,9100,9850,26500],[5,10,15]],[146,15,5,[100,860,1620,2380,7850,3900,4660,5420,6180,17350,7700,8460,9220,9980,26850],[5,10,15]],[147,15,5,[100,865,1630,2395,7900,3925,4690,5455,6220,17462,7750,8515,9280,10045,27025],[5,10,15]],[148,15,5,[100,870,1640,2410,7950,3950,4720,5490,6260,17575,7800,8570,9340,10110,27200],[5,10,15]],[149,15,5,[100,875,1650,2425,8000,3975,4750,5525,6300,17687,7850,8625,9400,10175,27375],[5,10,15]]]}]}]}]}]]}],["$L4","$L5"],"$L6"]}],"isPartial":"$@7","staleTime":"$8","varyParams":null},{"rsc":"$L9","isPartial":"$@a","staleTime":"$8","varyParams":null},{"rsc":"$Lb","isPartial":"$@c","staleTime":"$8","varyParams":"$d"}],"isUpgradeableISRFallback":false,"a":"$@e","rootVaryParams":null,"needsRuntimeRequest":"$@f"}
10:I[97367,["/_next/static/chunks/1cf8rs_zblp1d.js"],"OutletBoundary"]
11:"$Sreact.suspense"
13:I[97367,["/_next/static/chunks/1cf8rs_zblp1d.js"],"ViewportBoundary"]
14:I[97367,["/_next/static/chunks/1cf8rs_zblp1d.js"],"MetadataBoundary"]
15:I[27201,["/_next/static/chunks/1cf8rs_zblp1d.js"],"IconMark"]
16:I[39756,["/_next/static/chunks/1cf8rs_zblp1d.js"],"default"]
17:I[37457,["/_next/static/chunks/1cf8rs_zblp1d.js"],"default"]
4:["$","script","script-0",{"src":"/_next/static/chunks/3ycx-umoo73nx.js","async":true}]
5:["$","script","script-1",{"src":"/_next/static/chunks/0exfutgl6p1ip.js","async":true}]
6:["$","$L10",null,{"children":["$","$11",null,{"name":"Next.MetadataOutlet","children":"$@12"}]}]
9:["$","$1","h",{"children":[null,["$","$L13",null,{"children":[["$","meta","0",{"charSet":"utf-8"}],["$","meta","1",{"name":"viewport","content":"width=device-width, initial-scale=1"}]]}],["$","div",null,{"hidden":true,"children":["$","$L14",null,{"children":["$","$11",null,{"name":"Next.Metadata","children":[["$","title","0",{"children":"Ordinary levels · PvZ2, explained"}],["$","meta","1",{"name":"description","content":"The wave plan of every ordinary level from 1 to 149 as Chapter 1 builds it: the wave count, the flag spacing and each wave’s filler budget at the guide’s settings."}],["$","link","2",{"rel":"icon","href":"/icon.svg?icon.2na_2dshtl9t2.svg","sizes":"any","type":"image/svg+xml"}],["$","link","3",{"rel":"apple-touch-icon","href":"/apple-icon.png?apple-icon.26vlmu7ymd0x6.png","sizes":"180x180","type":"image/png"}],["$","$L15","4",{}]]}]}]}],["$","meta",null,{"name":"next-size-adjust","content":""}]]}]
b:["$","$1","c",{"children":[null,["$","$L16",null,{"parallelRouterKey":"children","template":["$","$L17",null,{}]}]]}]
f:true
12:null
8:300
8:C
e:0
a:"$undefined"
c:"$undefined"
7:"$undefined"
